G3dErrFileVersion 2018P3.1
FlagFileMetaData Begin
   Mesh Size - Setup1, Refinement, Pass #1, Freq. 3.000000e+09 :Title    
   Listing of mesh elements with small segments. :ToolTip  
   hf3d :Author   
   1636559482 :TimeStamp
FlagFileMetaData End
BEGIN_ERR 
26 Small mesh segment detected on body : Probepin
 Small mesh segment detected on body : Probepin 
 Segment Statistics - Number of Segments : 1 --- Segment length(s) : 0.062671mm. The cutoff frequency for S-Matrix Only Solve is 2.31913651378134MHz 
3 -1  261  176  # nfids, fids[]
2 175  -1  # nbids, bids[]
      5 4 1 0 #ntets ntri ned npts
           2.4390539310000001e+01   1.1676926800000000e+01   0.0000000000000000e+00 #xyz tv0
           2.4634499999999999e+01   1.1628399999999999e+01   6.2671033587312283e-02 #xyz tv1
           2.4878460690000004e+01   1.1676926800000000e+01   0.0000000000000000e+00 #xyz tv2
           2.4634499999999999e+01   1.1628399999999999e+01   0.0000000000000000e+00 -1 175 #xyz tv3 fid bid
           2.6057552399999999e+01   1.0842847600000002e+01   0.0000000000000000e+00 #xyz tv0
           2.4878460690000004e+01   1.1676926800000000e+01   0.0000000000000000e+00 #xyz tv1
           2.4634499999999999e+01   1.1628399999999999e+01   6.2671033587312283e-02 #xyz tv2
           2.4634499999999999e+01   1.1628399999999999e+01   0.0000000000000000e+00 -1 175 #xyz tv3 fid bid
           2.4634499999999999e+01   1.1628399999999999e+01   6.2671033587312283e-02 #xyz tv0
           2.4390539310000001e+01   1.1676926800000000e+01   0.0000000000000000e+00 #xyz tv1
           2.3211447600000000e+01   1.0842847600000002e+01   0.0000000000000000e+00 #xyz tv2
           2.4634499999999999e+01   1.1628399999999999e+01   0.0000000000000000e+00 -1 175 #xyz tv3 fid bid
           2.4634499999999999e+01   1.1628399999999999e+01   0.0000000000000000e+00 #xyz tv0
           2.3864349590000000e+01   1.0406592440000001e+01   0.0000000000000000e+00 #xyz tv1
           2.4634499999999999e+01   1.1628399999999999e+01   6.2671033587312283e-02 #xyz tv2
           2.6057552399999999e+01   1.0842847600000002e+01   0.0000000000000000e+00 -1 175 #xyz tv3 fid bid
           2.4634499999999999e+01   1.1628399999999999e+01   0.0000000000000000e+00 #xyz tv0
           2.4634499999999999e+01   1.1628399999999999e+01   6.2671033587312283e-02 #xyz tv1
           2.3864349590000000e+01   1.0406592440000001e+01   0.0000000000000000e+00 #xyz tv2
           2.3211447600000000e+01   1.0842847600000002e+01   0.0000000000000000e+00 -1 175 #xyz tv3 fid bid
           2.4634499999999999e+01   1.1628399999999999e+01   0.0000000000000000e+00 #xyz tv0
           2.4390539310000001e+01   1.1676926800000000e+01   0.0000000000000000e+00 #xyz tv1
           2.4634499999999999e+01   1.1628399999999999e+01   6.2671033587312283e-02 261 -1 #xyz tv2 fid bid
           2.4634499999999999e+01   1.1628399999999999e+01   0.0000000000000000e+00 #xyz tv0
           2.4390539310000001e+01   1.1676926800000000e+01   0.0000000000000000e+00 #xyz tv1
           2.4634499999999999e+01   1.1628399999999999e+01   6.2671033587312283e-02 176 -1 #xyz tv2 fid bid
           2.4634499999999999e+01   1.1628399999999999e+01   0.0000000000000000e+00 #xyz tv0
           2.4634499999999999e+01   1.1628399999999999e+01   6.2671033587312283e-02 #xyz tv1
           2.4878460690000004e+01   1.1676926800000000e+01   0.0000000000000000e+00 261 -1 #xyz tv2 fid bid
           2.4634499999999999e+01   1.1628399999999999e+01   0.0000000000000000e+00 #xyz tv0
           2.4634499999999999e+01   1.1628399999999999e+01   6.2671033587312283e-02 #xyz tv1
           2.4878460690000004e+01   1.1676926800000000e+01   0.0000000000000000e+00 176 -1 #xyz tv2 fid bid
           2.4634499999999999e+01   1.1628399999999999e+01   6.2671033587312283e-02 #xyz ev0
           2.4634499999999999e+01   1.1628399999999999e+01   0.0000000000000000e+00 -1 175 #xyz ev1 fid bid
   0   0.000000000000e+00   0.000000000000e+00   0.000000000000e+00 #flag location
END_ERR 
G3dErrFileVersion 2018P3.1
FlagFileMetaData Begin
   Mesh Size - Setup1, Refinement, Pass #2, Freq. 3.000000e+09 :Title    
   Listing of mesh elements with small segments. :ToolTip  
   hf3d :Author   
   1636559483 :TimeStamp
FlagFileMetaData End
BEGIN_ERR 
26 Small mesh segment detected on body : Probepin
 Small mesh segment detected on body : Probepin 
 Segment Statistics - Number of Segments : 1 --- Segment length(s) : 0.062671mm. The cutoff frequency for S-Matrix Only Solve is 2.31913651378134MHz 
3 -1  261  176  # nfids, fids[]
2 175  -1  # nbids, bids[]
      5 4 1 0 #ntets ntri ned npts
           2.4390539310000001e+01   1.1676926800000000e+01   0.0000000000000000e+00 #xyz tv0
           2.4634499999999999e+01   1.1628399999999999e+01   6.2671033587312297e-02 #xyz tv1
           2.4878460690000004e+01   1.1676926800000000e+01   0.0000000000000000e+00 #xyz tv2
           2.4634499999999999e+01   1.1628399999999999e+01   0.0000000000000000e+00 -1 175 #xyz tv3 fid bid
           2.5404650409999999e+01   1.0406592440000001e+01   0.0000000000000000e+00 #xyz tv0
           2.4634499999999999e+01   1.1628399999999999e+01   6.2671033587312297e-02 #xyz tv1
           2.4634499999999999e+01   1.1628399999999999e+01   0.0000000000000000e+00 #xyz tv2
           2.4878460690000004e+01   1.1676926800000000e+01   0.0000000000000000e+00 -1 175 #xyz tv3 fid bid
           2.3864349590000000e+01   1.0406592440000001e+01   0.0000000000000000e+00 #xyz tv0
           2.4634499999999999e+01   1.1628399999999999e+01   6.2671033587312297e-02 #xyz tv1
           2.4390539310000001e+01   1.1676926800000000e+01   0.0000000000000000e+00 #xyz tv2
           2.4634499999999999e+01   1.1628399999999999e+01   0.0000000000000000e+00 -1 175 #xyz tv3 fid bid
           2.5404650409999999e+01   1.0406592440000001e+01   0.0000000000000000e+00 #xyz tv0
           2.4634499999999999e+01   1.1628399999999999e+01   0.0000000000000000e+00 #xyz tv1
           2.4634499999999999e+01   1.1628399999999999e+01   6.2671033587312297e-02 #xyz tv2
           2.4634499999999999e+01   1.0253399999999999e+01   0.0000000000000000e+00 -1 175 #xyz tv3 fid bid
           2.4634499999999999e+01   1.1628399999999999e+01   0.0000000000000000e+00 #xyz tv0
           2.4634499999999999e+01   1.1628399999999999e+01   6.2671033587312297e-02 #xyz tv1
           2.4634499999999999e+01   1.0253399999999999e+01   0.0000000000000000e+00 #xyz tv2
           2.3864349590000000e+01   1.0406592440000001e+01   0.0000000000000000e+00 -1 175 #xyz tv3 fid bid
           2.4634499999999999e+01   1.1628399999999999e+01   0.0000000000000000e+00 #xyz tv0
           2.4390539310000001e+01   1.1676926800000000e+01   0.0000000000000000e+00 #xyz tv1
           2.4634499999999999e+01   1.1628399999999999e+01   6.2671033587312297e-02 261 -1 #xyz tv2 fid bid
           2.4634499999999999e+01   1.1628399999999999e+01   0.0000000000000000e+00 #xyz tv0
           2.4390539310000001e+01   1.1676926800000000e+01   0.0000000000000000e+00 #xyz tv1
           2.4634499999999999e+01   1.1628399999999999e+01   6.2671033587312297e-02 176 -1 #xyz tv2 fid bid
           2.4634499999999999e+01   1.1628399999999999e+01   0.0000000000000000e+00 #xyz tv0
           2.4634499999999999e+01   1.1628399999999999e+01   6.2671033587312297e-02 #xyz tv1
           2.4878460690000004e+01   1.1676926800000000e+01   0.0000000000000000e+00 261 -1 #xyz tv2 fid bid
           2.4634499999999999e+01   1.1628399999999999e+01   0.0000000000000000e+00 #xyz tv0
           2.4634499999999999e+01   1.1628399999999999e+01   6.2671033587312297e-02 #xyz tv1
           2.4878460690000004e+01   1.1676926800000000e+01   0.0000000000000000e+00 176 -1 #xyz tv2 fid bid
           2.4634499999999999e+01   1.1628399999999999e+01   6.2671033587312297e-02 #xyz ev0
           2.4634499999999999e+01   1.1628399999999999e+01   0.0000000000000000e+00 -1 175 #xyz ev1 fid bid
   0   0.000000000000e+00   0.000000000000e+00   0.000000000000e+00 #flag location
END_ERR 
G3dErrFileVersion 2018P3.1
FlagFileMetaData Begin
   Mesh Size - Setup1, Refinement, Pass #3, Freq. 3.000000e+09 :Title    
   Listing of mesh elements with small segments. :ToolTip  
   hf3d :Author   
   1636559484 :TimeStamp
FlagFileMetaData End
BEGIN_ERR 
26 Small mesh segment detected on body : Probepin
 Small mesh segment detected on body : Probepin 
 Segment Statistics - Number of Segments : 1 --- Segment length(s) : 0.062671mm. The cutoff frequency for S-Matrix Only Solve is 2.31913651378134MHz 
3 -1  261  176  # nfids, fids[]
2 175  -1  # nbids, bids[]
      5 4 1 0 #ntets ntri ned npts
           2.4390539310000001e+01   1.1676926800000000e+01   0.0000000000000000e+00 #xyz tv0
           2.4634499999999999e+01   1.1628399999999999e+01   6.2671033587312297e-02 #xyz tv1
           2.4878460690000004e+01   1.1676926800000000e+01   0.0000000000000000e+00 #xyz tv2
           2.4634499999999999e+01   1.1628399999999999e+01   0.0000000000000000e+00 -1 175 #xyz tv3 fid bid
           2.5404650409999999e+01   1.0406592440000001e+01   0.0000000000000000e+00 #xyz tv0
           2.4634499999999999e+01   1.1628399999999999e+01   6.2671033587312297e-02 #xyz tv1
           2.4634499999999999e+01   1.1628399999999999e+01   0.0000000000000000e+00 #xyz tv2
           2.4878460690000004e+01   1.1676926800000000e+01   0.0000000000000000e+00 -1 175 #xyz tv3 fid bid
           2.3864349590000000e+01   1.0406592440000001e+01   0.0000000000000000e+00 #xyz tv0
           2.4634499999999999e+01   1.1628399999999999e+01   6.2671033587312297e-02 #xyz tv1
           2.4390539310000001e+01   1.1676926800000000e+01   0.0000000000000000e+00 #xyz tv2
           2.4634499999999999e+01   1.1628399999999999e+01   0.0000000000000000e+00 -1 175 #xyz tv3 fid bid
           2.5404650409999999e+01   1.0406592440000001e+01   0.0000000000000000e+00 #xyz tv0
           2.4634499999999999e+01   1.1628399999999999e+01   0.0000000000000000e+00 #xyz tv1
           2.4634499999999999e+01   1.1628399999999999e+01   6.2671033587312297e-02 #xyz tv2
           2.4634499999999999e+01   1.0253399999999999e+01   0.0000000000000000e+00 -1 175 #xyz tv3 fid bid
           2.4634499999999999e+01   1.1628399999999999e+01   0.0000000000000000e+00 #xyz tv0
           2.4634499999999999e+01   1.1628399999999999e+01   6.2671033587312297e-02 #xyz tv1
           2.4634499999999999e+01   1.0253399999999999e+01   0.0000000000000000e+00 #xyz tv2
           2.3864349590000000e+01   1.0406592440000001e+01   0.0000000000000000e+00 -1 175 #xyz tv3 fid bid
           2.4634499999999999e+01   1.1628399999999999e+01   0.0000000000000000e+00 #xyz tv0
           2.4390539310000001e+01   1.1676926800000000e+01   0.0000000000000000e+00 #xyz tv1
           2.4634499999999999e+01   1.1628399999999999e+01   6.2671033587312297e-02 261 -1 #xyz tv2 fid bid
           2.4634499999999999e+01   1.1628399999999999e+01   0.0000000000000000e+00 #xyz tv0
           2.4390539310000001e+01   1.1676926800000000e+01   0.0000000000000000e+00 #xyz tv1
           2.4634499999999999e+01   1.1628399999999999e+01   6.2671033587312297e-02 176 -1 #xyz tv2 fid bid
           2.4634499999999999e+01   1.1628399999999999e+01   0.0000000000000000e+00 #xyz tv0
           2.4634499999999999e+01   1.1628399999999999e+01   6.2671033587312297e-02 #xyz tv1
           2.4878460690000004e+01   1.1676926800000000e+01   0.0000000000000000e+00 261 -1 #xyz tv2 fid bid
           2.4634499999999999e+01   1.1628399999999999e+01   0.0000000000000000e+00 #xyz tv0
           2.4634499999999999e+01   1.1628399999999999e+01   6.2671033587312297e-02 #xyz tv1
           2.4878460690000004e+01   1.1676926800000000e+01   0.0000000000000000e+00 176 -1 #xyz tv2 fid bid
           2.4634499999999999e+01   1.1628399999999999e+01   6.2671033587312297e-02 #xyz ev0
           2.4634499999999999e+01   1.1628399999999999e+01   0.0000000000000000e+00 -1 175 #xyz ev1 fid bid
   0   0.000000000000e+00   0.000000000000e+00   0.000000000000e+00 #flag location
END_ERR 
G3dErrFileVersion 2018P3.1
FlagFileMetaData Begin
   Mesh Size - Setup1, Refinement, Pass #4, Freq. 3.000000e+09 :Title    
   Listing of mesh elements with small segments. :ToolTip  
   hf3d :Author   
   1636559485 :TimeStamp
FlagFileMetaData End
BEGIN_ERR 
26 Small mesh segment detected on body : Probepin
 Small mesh segment detected on body : Probepin 
 Segment Statistics - Number of Segments : 1 --- Segment length(s) : 0.062671mm. The cutoff frequency for S-Matrix Only Solve is 2.31913651378134MHz 
3 -1  261  176  # nfids, fids[]
2 175  -1  # nbids, bids[]
      5 4 1 0 #ntets ntri ned npts
           2.4390539310000001e+01   1.1676926800000000e+01   0.0000000000000000e+00 #xyz tv0
           2.4634499999999999e+01   1.1628399999999999e+01   6.2671033587312297e-02 #xyz tv1
           2.4878460690000004e+01   1.1676926800000000e+01   0.0000000000000000e+00 #xyz tv2
           2.4634499999999999e+01   1.1628399999999999e+01   0.0000000000000000e+00 -1 175 #xyz tv3 fid bid
           2.5404650409999999e+01   1.0406592440000001e+01   0.0000000000000000e+00 #xyz tv0
           2.4634499999999999e+01   1.1628399999999999e+01   6.2671033587312297e-02 #xyz tv1
           2.4634499999999999e+01   1.1628399999999999e+01   0.0000000000000000e+00 #xyz tv2
           2.4878460690000004e+01   1.1676926800000000e+01   0.0000000000000000e+00 -1 175 #xyz tv3 fid bid
           2.3864349590000000e+01   1.0406592440000001e+01   0.0000000000000000e+00 #xyz tv0
           2.4634499999999999e+01   1.1628399999999999e+01   6.2671033587312297e-02 #xyz tv1
           2.4390539310000001e+01   1.1676926800000000e+01   0.0000000000000000e+00 #xyz tv2
           2.4634499999999999e+01   1.1628399999999999e+01   0.0000000000000000e+00 -1 175 #xyz tv3 fid bid
           2.5404650409999999e+01   1.0406592440000001e+01   0.0000000000000000e+00 #xyz tv0
           2.4634499999999999e+01   1.1628399999999999e+01   0.0000000000000000e+00 #xyz tv1
           2.4634499999999999e+01   1.1628399999999999e+01   6.2671033587312297e-02 #xyz tv2
           2.4634499999999999e+01   1.0253399999999999e+01   0.0000000000000000e+00 -1 175 #xyz tv3 fid bid
           2.4634499999999999e+01   1.1628399999999999e+01   0.0000000000000000e+00 #xyz tv0
           2.4634499999999999e+01   1.1628399999999999e+01   6.2671033587312297e-02 #xyz tv1
           2.4634499999999999e+01   1.0253399999999999e+01   0.0000000000000000e+00 #xyz tv2
           2.3864349590000000e+01   1.0406592440000001e+01   0.0000000000000000e+00 -1 175 #xyz tv3 fid bid
           2.4634499999999999e+01   1.1628399999999999e+01   0.0000000000000000e+00 #xyz tv0
           2.4390539310000001e+01   1.1676926800000000e+01   0.0000000000000000e+00 #xyz tv1
           2.4634499999999999e+01   1.1628399999999999e+01   6.2671033587312297e-02 261 -1 #xyz tv2 fid bid
           2.4634499999999999e+01   1.1628399999999999e+01   0.0000000000000000e+00 #xyz tv0
           2.4390539310000001e+01   1.1676926800000000e+01   0.0000000000000000e+00 #xyz tv1
           2.4634499999999999e+01   1.1628399999999999e+01   6.2671033587312297e-02 176 -1 #xyz tv2 fid bid
           2.4634499999999999e+01   1.1628399999999999e+01   0.0000000000000000e+00 #xyz tv0
           2.4634499999999999e+01   1.1628399999999999e+01   6.2671033587312297e-02 #xyz tv1
           2.4878460690000004e+01   1.1676926800000000e+01   0.0000000000000000e+00 261 -1 #xyz tv2 fid bid
           2.4634499999999999e+01   1.1628399999999999e+01   0.0000000000000000e+00 #xyz tv0
           2.4634499999999999e+01   1.1628399999999999e+01   6.2671033587312297e-02 #xyz tv1
           2.4878460690000004e+01   1.1676926800000000e+01   0.0000000000000000e+00 176 -1 #xyz tv2 fid bid
           2.4634499999999999e+01   1.1628399999999999e+01   6.2671033587312297e-02 #xyz ev0
           2.4634499999999999e+01   1.1628399999999999e+01   0.0000000000000000e+00 -1 175 #xyz ev1 fid bid
   0   0.000000000000e+00   0.000000000000e+00   0.000000000000e+00 #flag location
END_ERR 
G3dErrFileVersion 2018P3.1
FlagFileMetaData Begin
   Mesh Size - Setup1, Refinement, Pass #5, Freq. 3.000000e+09 :Title    
   Listing of mesh elements with small segments. :ToolTip  
   hf3d :Author   
   1636559487 :TimeStamp
FlagFileMetaData End
BEGIN_ERR 
26 Small mesh segment detected on body : Probepin
 Small mesh segment detected on body : Probepin 
 Segment Statistics - Number of Segments : 1 --- Segment length(s) : 0.062671mm. The cutoff frequency for S-Matrix Only Solve is 2.31913651378134MHz 
3 -1  261  176  # nfids, fids[]
2 175  -1  # nbids, bids[]
      3 4 1 0 #ntets ntri ned npts
           2.4390539310000001e+01   1.1676926800000000e+01   0.0000000000000000e+00 #xyz tv0
           2.4634499999999999e+01   1.1628399999999999e+01   6.2671033587312297e-02 #xyz tv1
           2.4878460690000004e+01   1.1676926800000000e+01   0.0000000000000000e+00 #xyz tv2
           2.4634499999999999e+01   1.1628399999999999e+01   0.0000000000000000e+00 -1 175 #xyz tv3 fid bid
           2.4634499999999999e+01   1.1628399999999999e+01   6.2671033587312297e-02 #xyz tv0
           2.4317311009708455e+01   1.1057552637234753e+01   0.0000000000000000e+00 #xyz tv1
           2.4878460690000004e+01   1.1676926800000000e+01   0.0000000000000000e+00 #xyz tv2
           2.4634499999999999e+01   1.1628399999999999e+01   0.0000000000000000e+00 -1 175 #xyz tv3 fid bid
           2.4317311009708455e+01   1.1057552637234753e+01   0.0000000000000000e+00 #xyz tv0
           2.4634499999999999e+01   1.1628399999999999e+01   6.2671033587312297e-02 #xyz tv1
           2.4390539310000001e+01   1.1676926800000000e+01   0.0000000000000000e+00 #xyz tv2
           2.4634499999999999e+01   1.1628399999999999e+01   0.0000000000000000e+00 -1 175 #xyz tv3 fid bid
           2.4634499999999999e+01   1.1628399999999999e+01   0.0000000000000000e+00 #xyz tv0
           2.4390539310000001e+01   1.1676926800000000e+01   0.0000000000000000e+00 #xyz tv1
           2.4634499999999999e+01   1.1628399999999999e+01   6.2671033587312297e-02 261 -1 #xyz tv2 fid bid
           2.4634499999999999e+01   1.1628399999999999e+01   0.0000000000000000e+00 #xyz tv0
           2.4390539310000001e+01   1.1676926800000000e+01   0.0000000000000000e+00 #xyz tv1
           2.4634499999999999e+01   1.1628399999999999e+01   6.2671033587312297e-02 176 -1 #xyz tv2 fid bid
           2.4634499999999999e+01   1.1628399999999999e+01   0.0000000000000000e+00 #xyz tv0
           2.4634499999999999e+01   1.1628399999999999e+01   6.2671033587312297e-02 #xyz tv1
           2.4878460690000004e+01   1.1676926800000000e+01   0.0000000000000000e+00 261 -1 #xyz tv2 fid bid
           2.4634499999999999e+01   1.1628399999999999e+01   0.0000000000000000e+00 #xyz tv0
           2.4634499999999999e+01   1.1628399999999999e+01   6.2671033587312297e-02 #xyz tv1
           2.4878460690000004e+01   1.1676926800000000e+01   0.0000000000000000e+00 176 -1 #xyz tv2 fid bid
           2.4634499999999999e+01   1.1628399999999999e+01   6.2671033587312297e-02 #xyz ev0
           2.4634499999999999e+01   1.1628399999999999e+01   0.0000000000000000e+00 -1 175 #xyz ev1 fid bid
   0   0.000000000000e+00   0.000000000000e+00   0.000000000000e+00 #flag location
END_ERR 
G3dErrFileVersion 2018P3.1
FlagFileMetaData Begin
   Mesh Size - Setup1, Refinement, Pass #6, Freq. 3.000000e+09 :Title    
   Listing of mesh elements with small segments. :ToolTip  
   hf3d :Author   
   1636559488 :TimeStamp
FlagFileMetaData End
BEGIN_ERR 
26 Small mesh segment detected on body : Probepin
 Small mesh segment detected on body : Probepin 
 Segment Statistics - Number of Segments : 1 --- Segment length(s) : 0.062671mm. The cutoff frequency for S-Matrix Only Solve is 2.31913651378134MHz 
3 -1  261  176  # nfids, fids[]
2 175  -1  # nbids, bids[]
      3 4 1 0 #ntets ntri ned npts
           2.4390539310000001e+01   1.1676926800000000e+01   0.0000000000000000e+00 #xyz tv0
           2.4634499999999999e+01   1.1628399999999999e+01   6.2671033587312297e-02 #xyz tv1
           2.4878460690000004e+01   1.1676926800000000e+01   0.0000000000000000e+00 #xyz tv2
           2.4634499999999999e+01   1.1628399999999999e+01   0.0000000000000000e+00 -1 175 #xyz tv3 fid bid
           2.4634499999999999e+01   1.1628399999999999e+01   6.2671033587312297e-02 #xyz tv0
           2.4401256728794358e+01   1.1153098457853458e+01   0.0000000000000000e+00 #xyz tv1
           2.4878460690000004e+01   1.1676926800000000e+01   0.0000000000000000e+00 #xyz tv2
           2.4634499999999999e+01   1.1628399999999999e+01   0.0000000000000000e+00 -1 175 #xyz tv3 fid bid
           2.4401256728794358e+01   1.1153098457853458e+01   0.0000000000000000e+00 #xyz tv0
           2.4634499999999999e+01   1.1628399999999999e+01   6.2671033587312297e-02 #xyz tv1
           2.4390539310000001e+01   1.1676926800000000e+01   0.0000000000000000e+00 #xyz tv2
           2.4634499999999999e+01   1.1628399999999999e+01   0.0000000000000000e+00 -1 175 #xyz tv3 fid bid
           2.4634499999999999e+01   1.1628399999999999e+01   0.0000000000000000e+00 #xyz tv0
           2.4390539310000001e+01   1.1676926800000000e+01   0.0000000000000000e+00 #xyz tv1
           2.4634499999999999e+01   1.1628399999999999e+01   6.2671033587312297e-02 261 -1 #xyz tv2 fid bid
           2.4634499999999999e+01   1.1628399999999999e+01   0.0000000000000000e+00 #xyz tv0
           2.4390539310000001e+01   1.1676926800000000e+01   0.0000000000000000e+00 #xyz tv1
           2.4634499999999999e+01   1.1628399999999999e+01   6.2671033587312297e-02 176 -1 #xyz tv2 fid bid
           2.4634499999999999e+01   1.1628399999999999e+01   0.0000000000000000e+00 #xyz tv0
           2.4634499999999999e+01   1.1628399999999999e+01   6.2671033587312297e-02 #xyz tv1
           2.4878460690000004e+01   1.1676926800000000e+01   0.0000000000000000e+00 261 -1 #xyz tv2 fid bid
           2.4634499999999999e+01   1.1628399999999999e+01   0.0000000000000000e+00 #xyz tv0
           2.4634499999999999e+01   1.1628399999999999e+01   6.2671033587312297e-02 #xyz tv1
           2.4878460690000004e+01   1.1676926800000000e+01   0.0000000000000000e+00 176 -1 #xyz tv2 fid bid
           2.4634499999999999e+01   1.1628399999999999e+01   6.2671033587312297e-02 #xyz ev0
           2.4634499999999999e+01   1.1628399999999999e+01   0.0000000000000000e+00 -1 175 #xyz ev1 fid bid
   0   0.000000000000e+00   0.000000000000e+00   0.000000000000e+00 #flag location
END_ERR 
G3dErrFileVersion 2018P3.1
FlagFileMetaData Begin
   Mesh Size - Setup1, Refinement, Pass #7, Freq. 3.000000e+09 :Title    
   Listing of mesh elements with small segments. :ToolTip  
   hf3d :Author   
   1636559490 :TimeStamp
FlagFileMetaData End
BEGIN_ERR 
26 Small mesh segment detected on body : Probepin
 Small mesh segment detected on body : Probepin 
 Segment Statistics - Number of Segments : 1 --- Segment length(s) : 0.062671mm. The cutoff frequency for S-Matrix Only Solve is 2.31913651378134MHz 
3 -1  261  176  # nfids, fids[]
2 175  -1  # nbids, bids[]
      3 4 1 0 #ntets ntri ned npts
           2.4390539310000001e+01   1.1676926800000000e+01   0.0000000000000000e+00 #xyz tv0
           2.4634499999999999e+01   1.1628399999999999e+01   6.2671033587312297e-02 #xyz tv1
           2.4878460690000004e+01   1.1676926800000000e+01   0.0000000000000000e+00 #xyz tv2
           2.4634499999999999e+01   1.1628399999999999e+01   0.0000000000000000e+00 -1 175 #xyz tv3 fid bid
           2.4634499999999999e+01   1.1628399999999999e+01   6.2671033587312297e-02 #xyz tv0
           2.4408873644933458e+01   1.1170473270661962e+01   0.0000000000000000e+00 #xyz tv1
           2.4878460690000004e+01   1.1676926800000000e+01   0.0000000000000000e+00 #xyz tv2
           2.4634499999999999e+01   1.1628399999999999e+01   0.0000000000000000e+00 -1 175 #xyz tv3 fid bid
           2.4408873644933458e+01   1.1170473270661962e+01   0.0000000000000000e+00 #xyz tv0
           2.4634499999999999e+01   1.1628399999999999e+01   6.2671033587312297e-02 #xyz tv1
           2.4390539310000001e+01   1.1676926800000000e+01   0.0000000000000000e+00 #xyz tv2
           2.4634499999999999e+01   1.1628399999999999e+01   0.0000000000000000e+00 -1 175 #xyz tv3 fid bid
           2.4634499999999999e+01   1.1628399999999999e+01   0.0000000000000000e+00 #xyz tv0
           2.4390539310000001e+01   1.1676926800000000e+01   0.0000000000000000e+00 #xyz tv1
           2.4634499999999999e+01   1.1628399999999999e+01   6.2671033587312297e-02 261 -1 #xyz tv2 fid bid
           2.4634499999999999e+01   1.1628399999999999e+01   0.0000000000000000e+00 #xyz tv0
           2.4390539310000001e+01   1.1676926800000000e+01   0.0000000000000000e+00 #xyz tv1
           2.4634499999999999e+01   1.1628399999999999e+01   6.2671033587312297e-02 176 -1 #xyz tv2 fid bid
           2.4634499999999999e+01   1.1628399999999999e+01   0.0000000000000000e+00 #xyz tv0
           2.4634499999999999e+01   1.1628399999999999e+01   6.2671033587312297e-02 #xyz tv1
           2.4878460690000004e+01   1.1676926800000000e+01   0.0000000000000000e+00 261 -1 #xyz tv2 fid bid
           2.4634499999999999e+01   1.1628399999999999e+01   0.0000000000000000e+00 #xyz tv0
           2.4634499999999999e+01   1.1628399999999999e+01   6.2671033587312297e-02 #xyz tv1
           2.4878460690000004e+01   1.1676926800000000e+01   0.0000000000000000e+00 176 -1 #xyz tv2 fid bid
           2.4634499999999999e+01   1.1628399999999999e+01   6.2671033587312297e-02 #xyz ev0
           2.4634499999999999e+01   1.1628399999999999e+01   0.0000000000000000e+00 -1 175 #xyz ev1 fid bid
   0   0.000000000000e+00   0.000000000000e+00   0.000000000000e+00 #flag location
END_ERR 
G3dErrFileVersion 2018P3.1
FlagFileMetaData Begin
   Mesh Size - Setup1, Refinement, Pass #8, Freq. 3.000000e+09 :Title    
   Listing of mesh elements with small segments. :ToolTip  
   hf3d :Author   
   1636559492 :TimeStamp
FlagFileMetaData End
BEGIN_ERR 
26 Small mesh segment detected on body : Probepin
 Small mesh segment detected on body : Probepin 
 Segment Statistics - Number of Segments : 1 --- Segment length(s) : 0.062671mm. The cutoff frequency for S-Matrix Only Solve is 2.31913651378134MHz 
3 -1  261  176  # nfids, fids[]
2 175  -1  # nbids, bids[]
      3 4 1 0 #ntets ntri ned npts
           2.4390539310000001e+01   1.1676926800000000e+01   0.0000000000000000e+00 #xyz tv0
           2.4634499999999999e+01   1.1628399999999999e+01   6.2671033587312297e-02 #xyz tv1
           2.4878460690000004e+01   1.1676926800000000e+01   0.0000000000000000e+00 #xyz tv2
           2.4634499999999999e+01   1.1628399999999999e+01   0.0000000000000000e+00 -1 175 #xyz tv3 fid bid
           2.4634499999999999e+01   1.1628399999999999e+01   6.2671033587312297e-02 #xyz tv0
           2.4409593556608193e+01   1.1176164288696246e+01   0.0000000000000000e+00 #xyz tv1
           2.4878460690000004e+01   1.1676926800000000e+01   0.0000000000000000e+00 #xyz tv2
           2.4634499999999999e+01   1.1628399999999999e+01   0.0000000000000000e+00 -1 175 #xyz tv3 fid bid
           2.4409593556608193e+01   1.1176164288696246e+01   0.0000000000000000e+00 #xyz tv0
           2.4634499999999999e+01   1.1628399999999999e+01   6.2671033587312297e-02 #xyz tv1
           2.4390539310000001e+01   1.1676926800000000e+01   0.0000000000000000e+00 #xyz tv2
           2.4634499999999999e+01   1.1628399999999999e+01   0.0000000000000000e+00 -1 175 #xyz tv3 fid bid
           2.4634499999999999e+01   1.1628399999999999e+01   0.0000000000000000e+00 #xyz tv0
           2.4390539310000001e+01   1.1676926800000000e+01   0.0000000000000000e+00 #xyz tv1
           2.4634499999999999e+01   1.1628399999999999e+01   6.2671033587312297e-02 261 -1 #xyz tv2 fid bid
           2.4634499999999999e+01   1.1628399999999999e+01   0.0000000000000000e+00 #xyz tv0
           2.4390539310000001e+01   1.1676926800000000e+01   0.0000000000000000e+00 #xyz tv1
           2.4634499999999999e+01   1.1628399999999999e+01   6.2671033587312297e-02 176 -1 #xyz tv2 fid bid
           2.4634499999999999e+01   1.1628399999999999e+01   0.0000000000000000e+00 #xyz tv0
           2.4634499999999999e+01   1.1628399999999999e+01   6.2671033587312297e-02 #xyz tv1
           2.4878460690000004e+01   1.1676926800000000e+01   0.0000000000000000e+00 261 -1 #xyz tv2 fid bid
           2.4634499999999999e+01   1.1628399999999999e+01   0.0000000000000000e+00 #xyz tv0
           2.4634499999999999e+01   1.1628399999999999e+01   6.2671033587312297e-02 #xyz tv1
           2.4878460690000004e+01   1.1676926800000000e+01   0.0000000000000000e+00 176 -1 #xyz tv2 fid bid
           2.4634499999999999e+01   1.1628399999999999e+01   6.2671033587312297e-02 #xyz ev0
           2.4634499999999999e+01   1.1628399999999999e+01   0.0000000000000000e+00 -1 175 #xyz ev1 fid bid
   0   0.000000000000e+00   0.000000000000e+00   0.000000000000e+00 #flag location
END_ERR 
G3dErrFileVersion 2018P3.1
FlagFileMetaData Begin
   Mesh Size - Setup1, Refinement, Pass #1, Freq. 3.000000e+09 :Title    
   Listing of mesh elements with small segments. :ToolTip  
   hf3d :Author   
   1636559882 :TimeStamp
FlagFileMetaData End
BEGIN_ERR 
26 Small mesh segment detected on body : Coax2
 Small mesh segment detected on body : Coax2 
 Segment Statistics - Number of Segments : 1 --- Segment length(s) : 0.124370mm. The cutoff frequency for S-Matrix Only Solve is 2.31913651378134MHz 
4 -1  144  222  226  # nfids, fids[]
2 142  -1  # nbids, bids[]
      4 6 1 0 #ntets ntri ned npts
           2.3697583514999998e+01   1.7392816484999997e+01  -2.0000000000000000e+00 #xyz tv0
           2.2775192440000001e+01   1.7226050409999999e+01  -1.0000000000000000e+00 #xyz tv1
           2.3628487200000002e+01   1.7289406544999999e+01  -2.0000000000000000e+00 #xyz tv2
           2.3211447600000000e+01   1.7878952399999999e+01  -2.0000000000000000e+00 -1 142 #xyz tv3 fid bid
           2.3697583514999998e+01   1.7392816484999997e+01  -2.0000000000000000e+00 #xyz tv0
           2.3628487200000002e+01   1.7289406544999999e+01  -2.0000000000000000e+00 #xyz tv1
           2.4981254852374217e+01   1.7612871344310250e+01  -5.8110329183301639e+00 #xyz tv2
           2.3211447600000000e+01   1.7878952399999999e+01  -2.0000000000000000e+00 -1 142 #xyz tv3 fid bid
           2.3697583514999998e+01   1.7392816484999997e+01  -2.0000000000000000e+00 #xyz tv0
           2.3628487200000002e+01   1.7289406544999999e+01  -2.0000000000000000e+00 #xyz tv1
           2.2775192440000001e+01   1.7226050409999999e+01  -1.0000000000000000e+00 #xyz tv2
           2.4183719430000000e+01   1.6906680569999999e+01  -2.0000000000000000e+00 -1 142 #xyz tv3 fid bid
           2.3697583514999998e+01   1.7392816484999997e+01  -2.0000000000000000e+00 #xyz tv0
           2.4981254852374217e+01   1.7612871344310250e+01  -5.8110329183301639e+00 #xyz tv1
           2.3628487200000002e+01   1.7289406544999999e+01  -2.0000000000000000e+00 #xyz tv2
           2.4183719430000000e+01   1.6906680569999999e+01  -2.0000000000000000e+00 -1 142 #xyz tv3 fid bid
           2.4183719430000000e+01   1.6906680569999999e+01  -2.0000000000000000e+00 #xyz tv0
           2.3697583514999998e+01   1.7392816484999997e+01  -2.0000000000000000e+00 #xyz tv1
           2.3628487200000002e+01   1.7289406544999999e+01  -2.0000000000000000e+00 144 -1 #xyz tv2 fid bid
           2.4183719430000000e+01   1.6906680569999999e+01  -2.0000000000000000e+00 #xyz tv0
           2.3697583514999998e+01   1.7392816484999997e+01  -2.0000000000000000e+00 #xyz tv1
           2.3628487200000002e+01   1.7289406544999999e+01  -2.0000000000000000e+00 222 -1 #xyz tv2 fid bid
           2.4183719430000000e+01   1.6906680569999999e+01  -2.0000000000000000e+00 #xyz tv0
           2.3697583514999998e+01   1.7392816484999997e+01  -2.0000000000000000e+00 #xyz tv1
           2.3628487200000002e+01   1.7289406544999999e+01  -2.0000000000000000e+00 226 -1 #xyz tv2 fid bid
           2.3697583514999998e+01   1.7392816484999997e+01  -2.0000000000000000e+00 #xyz tv0
           2.3211447600000000e+01   1.7878952399999999e+01  -2.0000000000000000e+00 #xyz tv1
           2.3628487200000002e+01   1.7289406544999999e+01  -2.0000000000000000e+00 144 -1 #xyz tv2 fid bid
           2.3697583514999998e+01   1.7392816484999997e+01  -2.0000000000000000e+00 #xyz tv0
           2.3211447600000000e+01   1.7878952399999999e+01  -2.0000000000000000e+00 #xyz tv1
           2.3628487200000002e+01   1.7289406544999999e+01  -2.0000000000000000e+00 222 -1 #xyz tv2 fid bid
           2.3697583514999998e+01   1.7392816484999997e+01  -2.0000000000000000e+00 #xyz tv0
           2.3211447600000000e+01   1.7878952399999999e+01  -2.0000000000000000e+00 #xyz tv1
           2.3628487200000002e+01   1.7289406544999999e+01  -2.0000000000000000e+00 226 -1 #xyz tv2 fid bid
           2.3697583514999998e+01   1.7392816484999997e+01  -2.0000000000000000e+00 #xyz ev0
           2.3628487200000002e+01   1.7289406544999999e+01  -2.0000000000000000e+00 -1 142 #xyz ev1 fid bid
   0   0.000000000000e+00   0.000000000000e+00   0.000000000000e+00 #flag location
END_ERR 
G3dErrFileVersion 2018P3.1
FlagFileMetaData Begin
   Mesh Size - Setup1, Refinement, Pass #2, Freq. 3.000000e+09 :Title    
   Listing of mesh elements with small segments. :ToolTip  
   hf3d :Author   
   1636559884 :TimeStamp
FlagFileMetaData End
BEGIN_ERR 
26 Small mesh segment detected on body : Coax2
 Small mesh segment detected on body : Coax2 
 Segment Statistics - Number of Segments : 1 --- Segment length(s) : 0.235389mm. The cutoff frequency for S-Matrix Only Solve is 2.31913651378134MHz 
4 -1  144  222  226  # nfids, fids[]
2 142  -1  # nbids, bids[]
      4 6 1 0 #ntets ntri ned npts
           2.5933157698162201e+01   1.6479927881814174e+01  -2.0000000000000000e+00 #xyz tv0
           2.5848474480060077e+01   1.6260299270023950e+01  -2.0000000000000000e+00 #xyz tv1
           2.5271999999999998e+01   1.6455900000000000e+01  -1.0000000000000000e+00 #xyz tv2
           2.6647000000000013e+01   1.6455900000000000e+01  -2.0000000000000000e+00 -1 142 #xyz tv3 fid bid
           2.5933157698162201e+01   1.6479927881814174e+01  -2.0000000000000000e+00 #xyz tv0
           2.5271999999999998e+01   1.6455900000000000e+01  -1.0000000000000000e+00 #xyz tv1
           2.5848474480060077e+01   1.6260299270023950e+01  -2.0000000000000000e+00 #xyz tv2
           2.5271999999999998e+01   1.6455900000000000e+01  -2.0000000000000000e+00 -1 142 #xyz tv3 fid bid
           2.5933157698162201e+01   1.6479927881814174e+01  -2.0000000000000000e+00 #xyz tv0
           2.4973663465245828e+01   1.7522276418925820e+01  -5.7396639228836825e+00 #xyz tv1
           2.5848474480060077e+01   1.6260299270023950e+01  -2.0000000000000000e+00 #xyz tv2
           2.6647000000000013e+01   1.6455900000000000e+01  -2.0000000000000000e+00 -1 142 #xyz tv3 fid bid
           2.5933157698162201e+01   1.6479927881814174e+01  -2.0000000000000000e+00 #xyz tv0
           2.5848474480060077e+01   1.6260299270023950e+01  -2.0000000000000000e+00 #xyz tv1
           2.4973663465245828e+01   1.7522276418925820e+01  -5.7396639228836825e+00 #xyz tv2
           2.5271999999999998e+01   1.6455900000000000e+01  -2.0000000000000000e+00 -1 142 #xyz tv3 fid bid
           2.6647000000000013e+01   1.6455900000000000e+01  -2.0000000000000000e+00 #xyz tv0
           2.5933157698162201e+01   1.6479927881814174e+01  -2.0000000000000000e+00 #xyz tv1
           2.5848474480060077e+01   1.6260299270023950e+01  -2.0000000000000000e+00 144 -1 #xyz tv2 fid bid
           2.6647000000000013e+01   1.6455900000000000e+01  -2.0000000000000000e+00 #xyz tv0
           2.5933157698162201e+01   1.6479927881814174e+01  -2.0000000000000000e+00 #xyz tv1
           2.5848474480060077e+01   1.6260299270023950e+01  -2.0000000000000000e+00 222 -1 #xyz tv2 fid bid
           2.6647000000000013e+01   1.6455900000000000e+01  -2.0000000000000000e+00 #xyz tv0
           2.5933157698162201e+01   1.6479927881814174e+01  -2.0000000000000000e+00 #xyz tv1
           2.5848474480060077e+01   1.6260299270023950e+01  -2.0000000000000000e+00 226 -1 #xyz tv2 fid bid
           2.5933157698162201e+01   1.6479927881814174e+01  -2.0000000000000000e+00 #xyz tv0
           2.5271999999999998e+01   1.6455900000000000e+01  -2.0000000000000000e+00 #xyz tv1
           2.5848474480060077e+01   1.6260299270023950e+01  -2.0000000000000000e+00 144 -1 #xyz tv2 fid bid
           2.5933157698162201e+01   1.6479927881814174e+01  -2.0000000000000000e+00 #xyz tv0
           2.5271999999999998e+01   1.6455900000000000e+01  -2.0000000000000000e+00 #xyz tv1
           2.5848474480060077e+01   1.6260299270023950e+01  -2.0000000000000000e+00 222 -1 #xyz tv2 fid bid
           2.5933157698162201e+01   1.6479927881814174e+01  -2.0000000000000000e+00 #xyz tv0
           2.5271999999999998e+01   1.6455900000000000e+01  -2.0000000000000000e+00 #xyz tv1
           2.5848474480060077e+01   1.6260299270023950e+01  -2.0000000000000000e+00 226 -1 #xyz tv2 fid bid
           2.5933157698162201e+01   1.6479927881814174e+01  -2.0000000000000000e+00 #xyz ev0
           2.5848474480060077e+01   1.6260299270023950e+01  -2.0000000000000000e+00 -1 142 #xyz ev1 fid bid
   0   0.000000000000e+00   0.000000000000e+00   0.000000000000e+00 #flag location
END_ERR 
G3dErrFileVersion 2018P3.1
FlagFileMetaData Begin
   Mesh Size - Setup1, Refinement, Pass #3, Freq. 3.000000e+09 :Title    
   Listing of mesh elements with small segments. :ToolTip  
   hf3d :Author   
   1636559885 :TimeStamp
FlagFileMetaData End
BEGIN_ERR 
26 Small mesh segment detected on body : Probepin
 Small mesh segment detected on body : Probepin 
 Segment Statistics - Number of Segments : 1 --- Segment length(s) : 0.248740mm. The cutoff frequency for S-Matrix Only Solve is 2.31913651378134MHz 
6 -1  261  176  251  43  145  # nfids, fids[]
2 175  -1  # nbids, bids[]
      6 6 1 0 #ntets ntri ned npts
           2.3997000000000000e+01   1.6455900000000000e+01   0.0000000000000000e+00 #xyz tv0
           2.4183719430000000e+01   1.6005119430000011e+01   0.0000000000000000e+00 #xyz tv1
           2.4183719430000000e+01   1.6005119430000011e+01  -2.0000000000000000e+00 #xyz tv2
           2.4045526800000001e+01   1.6211939310000005e+01   0.0000000000000000e+00 -1 175 #xyz tv3 fid bid
           2.3388305728422829e+01   1.5862227660663271e+01  -1.1375000000000000e+00 #xyz tv0
           2.4183719430000000e+01   1.6005119430000011e+01  -2.0000000000000000e+00 #xyz tv1
           2.4183719430000000e+01   1.6005119430000011e+01   0.0000000000000000e+00 #xyz tv2
           2.4045526800000001e+01   1.6211939310000005e+01   0.0000000000000000e+00 -1 175 #xyz tv3 fid bid
           2.4183719430000000e+01   1.6005119430000011e+01   0.0000000000000000e+00 #xyz tv0
           2.3997000000000000e+01   1.6455900000000000e+01   0.0000000000000000e+00 #xyz tv1
           2.3997000000000000e+01   1.6455900000000000e+01   8.0000000000000004e-01 #xyz tv2
           2.4045526800000001e+01   1.6211939310000005e+01   0.0000000000000000e+00 -1 175 #xyz tv3 fid bid
           2.3388305728422829e+01   1.5862227660663271e+01  -1.1375000000000000e+00 #xyz tv0
           2.4183719430000000e+01   1.6005119430000011e+01   0.0000000000000000e+00 #xyz tv1
           2.3211447600000000e+01   1.5032847600000009e+01   0.0000000000000000e+00 #xyz tv2
           2.4045526800000001e+01   1.6211939310000005e+01   0.0000000000000000e+00 -1 175 #xyz tv3 fid bid
           2.4045526800000001e+01   1.6211939310000005e+01   8.0000000000000004e-01 #xyz tv0
           2.4183719430000000e+01   1.6005119430000011e+01   0.0000000000000000e+00 #xyz tv1
           2.3997000000000000e+01   1.6455900000000000e+01   8.0000000000000004e-01 #xyz tv2
           2.4045526800000001e+01   1.6211939310000005e+01   0.0000000000000000e+00 -1 175 #xyz tv3 fid bid
